5984809
5984842
5984843
5984844
5984845
5984846
5984847
5984848
5984849
5984850
5984851
5984852
5984853
5984854
5984855
5984856
5984857
5984858
5984859
5984860
5984861
5984862
5984863
5984864
5984865
5984866
5984867
5984868
5984869
5984870
5984871
5984872
5984873
5984874
5984876
5984877
5984878
5984880
5984881
5984882
5984883
5984884
5984885
5984886
5984887
5984888
5984890
5984891
5984892
5984893
5984894
5984895
5984896
5984899
5984900
5984901
5984902
5984903
5984904
5984906
5984908
5984909
5984911
5984913
5984914
5984915
5984916
5984917
5984918
5984919
5984920
5984921
5984922
5984924
5984925
5984926
5984927
5984928
5984930
5984931
5984932
5984933
5984934
5984935
5984938
5984940
5984943
5984944
5984945
5984947
5984949
5984951
5984952
5984953
5984955
5984956
5984957
5984958
5984959
5984960
5984964
5984965
5984967
5984968
5984969
5984971
5984972
5984973
5984974
5984975
5984976
5984977
5984978
5984979
5984980
5984981
5984983
5984984
5984985
5984986
5984987
5984991
5984992
5984993
5984994
5984995
5984996
5984997
5984998
5984999
5985000
5985001
5985002
5985003
5985004
5985005
5985006
5985007
5985008
5985009
5985010
5985014
5985015
5985016
5985017
5985018
5985020
5985021
5985022
5985023
5985026
5985027
5985028
5985029
5985030
5985031
5985032
5985033
5985034
5985035
5985036
5985037
5985038
5985039
5985040
5985041
5985042
5985043
5985044
5985045
5985046
5985047
5985048
5985049
5985050
5985051
5985052
5985055
5985057
5985058
5985059
5985060
5985061
5985062
5985064
5985065
5985066
5985067
5985068
5985070
5985071
5985072
5985074
5985075
5985076
5985077
5985079
5985081
5985082
5985085
5985086
5985088
5985089
5985090
5985091
5985092
5985093
5985094
5985096
5985097
5985099
5985100
5985102
5985103
5985104
5985105
5985106
5985107
5985108
5985109
5985110
5985111
5985115
5985116
5985118
5985119
5985120
5985121
5985123
5985128
5985131
5985132
5985133
5985136
5985137
5985139
5985140
5985141
5985142
5985145
5985148
5985152
5985154
5985158
5985159
5985160
5985161
5985164
5985165
5985166
5985167
5985168
5985169
5985170
5985171
5985172
5985173
5985174
5985175
5985177
5985178
5985180
5985182
5985185
5985186
5985188
5985189
5985190
5985192
5985197
5985202
5985205
5985207
5985209
5985210
5985211
5985212
5985213
5985216
5985218
5985225
5985226
5985227
5985230
5985231
5985239
5985240
5985242
5985243
5985245
5985247
5985251
5985253
5985256
5985260
5985263
5985266
5985268
5985276
5985284
5985287
5985289
5985291
5985294
5985295
5985296
5985297
5985298
5985299
5985300
5985301
5985302
5985303
5985304
5985306
5985307
5985312
5985315
5985320
5985321
5985326
5985329
5985331
5985335
5985350
5985359
5985365
5985368
5985369
5985376
5985382
5985384
5985385
5985390
5985394
5985395
5985399
5985402
5985403
5985405
5985408
5985409
5985410
5985434
5985436
5985449
5985450
5985451
5985452
5985453
5985461
5985465
5985467
5985468
5985469
5985470
5985471
5985472
5985473
5985475
5985477
5985479
5985480
5985482
5985483
5985486
5985489
5985491
5985493
5985494
5985511
5985513
5985516
5985517
5985518
5985519
5985522
5985529
5985531
5985539
5985542
5985550
5985559
5985560
5985572
5985574
5985576
5985578
5985580
5985581
5985582
5985583
5985587
5985589
5985591
5985593
5985596
5985599
5985600
5985602
5985603
5985606
5985607
5985609
5985615
5985616
5985617
5985623
5985626
5985628
5985629
5985630
5985632